h = 0.5, ndof = 2122
[0.0, 0.3535533905932738, 0.7071067811865476, 1.0606601717798214]
[0.7212662333828069, 2.9980526853393643, 5.862497940232792, 4.351102911756699]
[4.615688661378738, 11.35053078544345, 14.912333119463103, 7.791965056849293]
[0.16514719027189656, 4.578588090742315, 9.292014806081916, 5.844539996832851]
[1.9680747683481141, 13.721247678659923, 31.376539512132837, 17.879713220401502]

h = 0.25, ndof = 7823
[0.0, 0.125, 0.25, 0.375, 0.5, 0.625, 0.75, 0.875, 1.0]
[0.05924066127959559, 0.15873901310060237, 0.3328204539417037, 0.48011564495341486, 0.5765715351659519, 0.6028505529152318, 0.5523479124475886, 0.4393673696951394, 0.29998696484823234]
[1.0068100850786623, 1.2793118627187652, 1.7797091470944426, 2.141255030923365, 2.3067375920262743, 2.236427997015108, 1.9319855371593413, 1.4640282891377236, 0.9716098785083541]
[0.053961701067183586, 0.3032255612086067, 0.7136104267031547, 2.323963563473873, 3.7711343498465273, 4.40401323917567, 4.00281514781703, 2.828304560101576, 1.4201856464053861]
[1.1035353436015798, 1.6161753974199915, 3.06287783043039, 7.995060582194022, 12.549798472964152, 14.538831389678451, 13.252922298307407, 9.48704869460228, 4.909073894836912]

h = 0.125, ndof = 35142
[0.0, 0.04419417382415922, 0.08838834764831845, 0.13258252147247768, 0.1767766952966369, 0.2209708691207961, 0.26516504294495535, 0.3093592167691146, 0.35355339059327384, 0.3977475644174331, 0.44194173824159233, 0.4861359120657516, 0.5303300858899108, 0.5745242597140701, 0.6187184335382293, 0.6629126073623886, 0.7071067811865478, 0.751300955010707, 0.7954951288348663, 0.8396893026590255, 0.8838834764831848, 0.928077650307344, 0.9722718241315033, 1.0164659979556625]
[0.0066498685526696485, 0.009304092719590703, 0.017438710279451524, 0.02622123016270602, 0.034519185396017844, 0.042037328317587594, 0.048693235713490816, 0.05443579331470583, 0.059195433657518844, 0.0628848660712422, 0.06542122785623801, 0.06675242213653074, 0.06687486947193604, 0.06583587881012312, 0.06372209983763868, 0.060642638727758644, 0.056717928796576035, 0.0520820739011549, 0.046900598008878976, 0.041401339039748325, 0.03591801830789674, 0.03094633142496254, 0.027184595650148746, 0.025417874693975693]
[0.2596420414295212, 0.23792828964694263, 0.2761795378005448, 0.31271115484731193, 0.34636268530811243, 0.37632695294150886, 0.4021671626361459, 0.42357789099293924, 0.4402743038571428, 0.4519818016740764, 0.4584801858042493, 0.4596635205988427, 0.455582435959097, 0.44644912160972317, 0.4326066341701303, 0.41448273608021546, 0.3925541779925061, 0.3673372901155019, 0.33940402983438633, 0.30940847898838114, 0.2781088063276182, 0.24637479059680384, 0.21518625960403903, 0.18562562998532578]
[0.010040982969406777, 0.02015632192958765, 0.02393146753982173, 0.07288657582437899, 0.1400541646901953, 0.22074610323768049, 0.31048341660575, 0.40427605897942087, 0.49674908869211143, 0.5824555319545114, 0.6562728617956086, 0.7138157450585898, 0.7517903054390228, 0.7682228195096198, 0.7625324485835844, 0.7354660847689984, 0.6889469650309098, 0.6258879081883291, 0.5499927661954407, 0.46553830446696015, 0.3771227166431785, 0.2893721123538736, 0.20663510519335493, 0.13270105007196284]
[0.49053793595128203, 0.46378476810433417, 0.5193333829756354, 0.613374757338806, 0.7614870764416762, 0.9644846229719526, 1.2085500807370593, 1.474641776314364, 1.7430244586974293, 1.995005288793046, 2.213844614469723, 2.385483437370508, 2.499182673996276, 2.5480271900798788, 2.529231169093142, 2.444194941994472, 2.298293945228132, 2.100417967131217, 1.8623103456507306, 1.5977665539975263, 1.3217634598083736, 1.0496001631177565, 0.7961720650113522, 0.575568614620056]

h = 0.0625, ndof = 143758
[0.0, 0.015625, 0.03125, 0.046875, 0.0625, 0.078125, 0.09375, 0.109375, 0.125, 0.140625, 0.15625, 0.171875, 0.1875, 0.203125, 0.21875, 0.234375, 0.25, 0.265625, 0.28125, 0.296875, 0.3125, 0.328125, 0.34375, 0.359375, 0.375, 0.390625, 0.40625, 0.421875, 0.4375, 0.453125, 0.46875, 0.484375, 0.5, 0.515625, 0.53125, 0.546875, 0.5625, 0.578125, 0.59375, 0.609375, 0.625, 0.640625, 0.65625, 0.671875, 0.6875, 0.703125, 0.71875, 0.734375, 0.75, 0.765625, 0.78125, 0.796875, 0.8125, 0.828125, 0.84375, 0.859375, 0.875, 0.890625, 0.90625, 0.921875, 0.9375, 0.953125, 0.96875, 0.984375, 1.0]
[0.0007949269846137714, 0.0008716179204018162, 0.0011272566664127263, 0.0014803547937132899, 0.0018761576589491663, 0.002281294453942142, 0.0026824524634895437, 0.0030741770034317687, 0.0034542155843940744, 0.0038214841026655328, 0.00417560449318534, 0.0045164040863549275, 0.004843866952612268, 0.005157715483760858, 0.005457944635689543, 0.005744318307777587, 0.006016551297129009, 0.006274308181488229, 0.006515502838530625, 0.006742429791308105, 0.0069540839895443135, 0.0071492168594919124, 0.007327964887344046, 0.0074892951780627035, 0.0076327507599525096, 0.007757981291162837, 0.007864723793741594, 0.007952816344976237, 0.00802216194894861, 0.008072765729749893, 0.008104833751469198, 0.008118669789821972, 0.008114448327295607, 0.008092572655266054, 0.008053450134757579, 0.007997705777478456, 0.00792547521719558, 0.007837390005972292, 0.007733963547818849, 0.007615712446384075, 0.00748316063988717, 0.007336857679637303, 0.007177483967661849, 0.007005521342417222, 0.006821807871674599, 0.00662704963421037, 0.00642230420166293, 0.00620855687921648, 0.005987020859983507, 0.005759196481537408, 0.00552620176870176, 0.005290200926652011, 0.005053770905216636, 0.0048179683221662864, 0.00458578894329928, 0.004360405697179593, 0.004145310968728538, 0.0039443028269263965, 0.0037616083395340806, 0.0036016458361987367, 0.003468944938380783, 0.003367736862886981, 0.0033014982446737356, 0.003272593865398618, 0.003281779454085201]
[0.06560056844890817, 0.058324256658848384, 0.061612575017463686, 0.06475928367450272, 0.06789228106971762, 0.07098014842688923, 0.07400869519312912, 0.07697000545960046, 0.0798576782864469, 0.08266653246585158, 0.08539106681349787, 0.08802655916017289, 0.09056827322147995, 0.09301138664190671, 0.09535148912924862, 0.09758428794824839, 0.09970532292854581, 0.10171039599103246, 0.10359450891089415, 0.10535359305770568, 0.10698666694021136, 0.10848839939964658, 0.10985482763158108, 0.11108349436036621, 0.11217111313062822, 0.1131152499237915, 0.11391388060501026, 0.11456531290943939, 0.11506839610011407, 0.11542230805411006, 0.1156267732384324, 0.1156819424199694, 0.11558827437828771, 0.11534659454433725, 0.1149581702738988, 0.11442467768807695, 0.11374783042289496, 0.11292972132610843, 0.11197288975175143, 0.11088006197895318, 0.10965417372031493, 0.1082984458511301, 0.10681642971760288, 0.1052118119520661, 0.10348884713409229, 0.10165168171815979, 0.09970505639215181, 0.09765405373086662, 0.0955039118257328, 0.09326009204257867, 0.09092862032931343, 0.08851528117559844, 0.08602643745512814, 0.08346827853809904, 0.08084830312746065, 0.07817331762142532, 0.07545069362676832, 0.07268766891312842, 0.06989158319776936, 0.06707061561178745, 0.06423178251812921, 0.06138351348506363, 0.05853368523029531, 0.05569024887816164, 0.052861580132804134]
[0.0027409720510356327, 0.003122031889418094, 0.002830146235223859, 0.0036086515103827313, 0.005057439067691252, 0.00696231523424298, 0.009219546901567163, 0.01177592860709177, 0.014601407942574925, 0.017671341336570584, 0.020965900872387762, 0.02446404504365378, 0.028143985379968876, 0.0319830829446356, 0.0359576658517549, 0.04004151796199829, 0.04420651844188491, 0.04842510100859285, 0.052673152322205964, 0.056930508249299114, 0.06112651367439993, 0.06525335714778725, 0.06928921656169058, 0.07318681325088179, 0.07693042063805279, 0.08048905240158122, 0.08383595450281212, 0.0869468981583919, 0.0897983913241326, 0.0923707351188448, 0.09464579999998135, 0.09660657446754033, 0.09823864511779334, 0.09953397111649824, 0.10048256677405028, 0.1010797097222721, 0.10131767602498602, 0.1012040073247644, 0.10073562739883903, 0.09991752629213861, 0.09875664262035708, 0.09726237702618955, 0.09544527635587285, 0.09332104536121028, 0.09090428089728547, 0.08821254337289636, 0.08526768216604169, 0.08208787110233667, 0.07869734310003532, 0.07511779268378663, 0.07137534418963393, 0.0675070999123894, 0.06355255480799003, 0.05946497122852125, 0.05534868744725601, 0.05120633365927278, 0.04706489199917659, 0.04295000474200378, 0.03888917725644714, 0.03490406501758071, 0.031021609984809666, 0.027261631102922953, 0.023645716334446797, 0.020194859247499853, 0.01692530883848577]
[0.2592766142117988, 0.21317040110095584, 0.2224685952966147, 0.23244481589602115, 0.24250719872143878, 0.25265893679623047, 0.2629209061457967, 0.2733076297996894, 0.28382575732582305, 0.2944932453218469, 0.3053054079404304, 0.3162651809622766, 0.3273606405644762, 0.33857912081419483, 0.3498919014953041, 0.3612715210565617, 0.3726736894552567, 0.3840536359926181, 0.39540557319807645, 0.40655801058209085, 0.4175236311787258, 0.42823261108518523, 0.4385812438624994, 0.44852180973055733, 0.45798598590206113, 0.46689802267991853, 0.47518810682916585, 0.4827895178659065, 0.48963962576661835, 0.49568087873547934, 0.5008564920652705, 0.5051180428821721, 0.5084260036920444, 0.5107448633880282, 0.5120455170236261, 0.5123032774624242, 0.5115107336700451, 0.5096642472999133, 0.5067607209473585, 0.5028114546898332, 0.49783447512646983, 0.49185550299253444, 0.4849027324254542, 0.477027198563712, 0.46826415261959825, 0.458672601239367, 0.44830646520454887, 0.4372290658293995, 0.42550763381836393, 0.41320233872192147, 0.400403238063441, 0.38719908128887415, 0.373702160757589, 0.3598134979179959, 0.3457869424955488, 0.3316450255088551, 0.31745874221452175, 0.3033003757080649, 0.2892333549595331, 0.27532469226477735, 0.26162526498725763, 0.24818781826347452, 0.23505871704283915, 0.2222706820006622, 0.2098567542388682]

h = 0.03125, ndof = 575998
[0.0, 0.005524271728019903, 0.011048543456039806, 0.01657281518405971, 0.02209708691207961, 0.027621358640099514, 0.03314563036811942, 0.038669902096139325, 0.04419417382415923, 0.049718445552179136, 0.05524271728019904, 0.06076698900821895, 0.06629126073623885, 0.07181553246425876, 0.07733980419227866, 0.08286407592029857, 0.08838834764831847, 0.09391261937633838, 0.09943689110435829, 0.10496116283237819, 0.1104854345603981, 0.116009706288418, 0.12153397801643791, 0.1270582497444578, 0.1325825214724777, 0.1381067932004976, 0.1436310649285175, 0.14915533665653738, 0.15467960838455727, 0.16020388011257716, 0.16572815184059705, 0.17125242356861695, 0.17677669529663684, 0.18230096702465673, 0.18782523875267662, 0.1933495104806965, 0.1988737822087164, 0.2043980539367363, 0.2099223256647562, 0.21544659739277608, 0.22097086912079597, 0.22649514084881586, 0.23201941257683575, 0.23754368430485565, 0.24306795603287554, 0.24859222776089543, 0.25411649948891535, 0.25964077121693524, 0.26516504294495513, 0.270689314672975, 0.2762135864009949, 0.2817378581290148, 0.2872621298570347, 0.2927864015850546, 0.2983106733130745, 0.3038349450410944, 0.30935921676911426, 0.31488348849713416, 0.32040776022515405, 0.32593203195317394, 0.33145630368119383, 0.3369805754092137, 0.3425048471372336, 0.3480291188652535, 0.3535533905932734, 0.3590776623212933, 0.3646019340493132, 0.3701262057773331, 0.37565047750535296, 0.38117474923337286, 0.38669902096139275, 0.39222329268941264, 0.39774756441743253, 0.4032718361454524, 0.4087961078734723, 0.4143203796014922, 0.4198446513295121, 0.425368923057532, 0.4308931947855519, 0.4364174665135718, 0.44194173824159166, 0.44746600996961156, 0.45299028169763145, 0.45851455342565134, 0.46403882515367123, 0.4695630968816911, 0.475087368609711, 0.4806116403377309, 0.4861359120657508, 0.4916601837937707, 0.4971844555217906, 0.5027087272498105, 0.5082329989778305, 0.5137572707058504, 0.5192815424338704, 0.5248058141618903, 0.5303300858899103, 0.5358543576179302, 0.5413786293459502, 0.5469029010739701, 0.55242717280199, 0.55795144453001, 0.56347571625803, 0.5689999879860499, 0.5745242597140698, 0.5800485314420898, 0.5855728031701097, 0.5910970748981297, 0.5966213466261496, 0.6021456183541696, 0.6076698900821895, 0.6131941618102095, 0.6187184335382294, 0.6242427052662494, 0.6297669769942693, 0.6352912487222893, 0.6408155204503092, 0.6463397921783292, 0.6518640639063491, 0.657388335634369, 0.662912607362389, 0.6684368790904089, 0.6739611508184289, 0.6794854225464488, 0.6850096942744688, 0.6905339660024887, 0.6960582377305087, 0.7015825094585286, 0.7071067811865486, 0.7126310529145685, 0.7181553246425885, 0.7236795963706084, 0.7292038680986284, 0.7347281398266483, 0.7402524115546683, 0.7457766832826882, 0.7513009550107081, 0.7568252267387281, 0.762349498466748, 0.767873770194768, 0.7733980419227879, 0.7789223136508079, 0.7844465853788278, 0.7899708571068478, 0.7954951288348677, 0.8010194005628877, 0.8065436722909076, 0.8120679440189276, 0.8175922157469475, 0.8231164874749675, 0.8286407592029874, 0.8341650309310074, 0.8396893026590273, 0.8452135743870473, 0.8507378461150672, 0.8562621178430871, 0.8617863895711071, 0.867310661299127, 0.872834933027147, 0.8783592047551669, 0.8838834764831869, 0.8894077482112068, 0.8949320199392268, 0.9004562916672467, 0.9059805633952667, 0.9115048351232866, 0.9170291068513066, 0.9225533785793265, 0.9280776503073465, 0.9336019220353664, 0.9391261937633864, 0.9446504654914063, 0.9501747372194262, 0.9556990089474462, 0.9612232806754661, 0.9667475524034861, 0.972271824131506, 0.977796095859526, 0.9833203675875459, 0.9888446393155659, 0.9943689110435858, 0.9998931827716058]
[9.609866795331274e-05, 0.00010665947019220181, 0.00011681765346379366, 0.00012808720145138293, 0.00014165517432271905, 0.00015683344924706795, 0.00017296248701688345, 0.0001899034871596225, 0.0002072970516461906, 0.0002249481762026347, 0.00024422581237649635, 0.0002624722851871647, 0.0002801946652056652, 0.0002978857123491548, 0.0003155139220416278, 0.0003329971609551004, 0.000350250903892851, 0.0003673265940894945, 0.0003850619568239218, 0.0004021296815842389, 0.0004149896980972027, 0.0004290799055438788, 0.0004441067219197316, 0.00045936996497933564, 0.00047482401516166966, 0.0004902888405960945, 0.0005056219360868302, 0.0005210366963272677, 0.0005362294360235461, 0.0005512036967764521, 0.0005658332345633919, 0.0005804071547830712, 0.0005949473085038547, 0.0006092256768602038, 0.0006231646045237587, 0.000636772767159491, 0.0006502582160052597, 0.0006635616224387203, 0.0006767910286607002, 0.000690038035805211, 0.0007027874187149846, 0.0007153153590834328, 0.000727483862997557, 0.0007398996913912864, 0.0007517719468317523, 0.0007632298144498118, 0.0007744861399261697, 0.0007855609049366906, 0.0007963780114561584, 0.0008069751262206762, 0.0008172406468538464, 0.0008273311280793158, 0.0008372296199542907, 0.0008468694019302059, 0.0008562407541362, 0.0008654381827296872, 0.0008745925657039756, 0.0008832919765822012, 0.0008916654865429816, 0.0008997295907625135, 0.0009075007918427816, 0.0009152293867924138, 0.0009225060074662473, 0.0009296758536048767, 0.0009364250212441033, 0.0009428250022442346, 0.0009488355401881307, 0.0009546187947077163, 0.0009601379896256072, 0.0009653557770801248, 0.0009702950497557682, 0.0009749583640658859, 0.0009793614671772734, 0.0009834446753276345, 0.000987251106103692, 0.0009907272338819844, 0.0009939720940455106, 0.000997058543927757, 0.0009997217472579964, 0.001002094421117379, 0.0010041835277672605, 0.0010059930906762893, 0.0010075241912348466, 0.0010087433271673784, 0.001009698089931355, 0.0010103862334464003, 0.00101079343165904, 0.0010109287414889255, 0.0010107911356084423, 0.0010103857906267927, 0.001009707188896568, 0.0010087598321638065, 0.0010075492876285082, 0.0010060740939242057, 0.001004335371908346, 0.001002340224143163, 0.001000076333927735, 0.0009975659611235338, 0.0009948063990100288, 0.0009918262723449848, 0.0009885782579359642, 0.0009850796315003323, 0.0009813466076789084, 0.0009773732211401731, 0.0009731554117270807, 0.0009686837868641673, 0.0009638555566571041, 0.000958684155469924, 0.0009534591544433218, 0.0009406463741883797, 0.0009294932456345676, 0.000921959520309272, 0.0009153919662570081, 0.0009093238484252972, 0.0009034497603602679, 0.0008975882728340105, 0.0008917252039151875, 0.0008856103362146903, 0.0008792762510747222, 0.0008727438702726092, 0.0008659625181427703, 0.0008588621809613369, 0.0008516113702423474, 0.0008441613176109009, 0.0008365025379415041, 0.0008286087457607136, 0.0008205147199201865, 0.000812216148890195, 0.0008037250780931511, 0.0007950581321412625, 0.0007860824556176644, 0.0007769931503569036, 0.0007678261436158048, 0.0007585537735520672, 0.0007486488815738823, 0.0007390205452919734, 0.0007293518736855144, 0.0007196803734963274, 0.0007099927999799055, 0.0007002653363839715, 0.0006904888903437396, 0.0006806692922935088, 0.0006708326568168948, 0.000660969841507074, 0.0006510611339905517, 0.0006412366081103598, 0.0006314880703663671, 0.00062185565093871, 0.0006121974750154288, 0.0006026000324319803, 0.0005930840570225835, 0.0005836944899508997, 0.0005743128261029554, 0.0005650515781660577, 0.000555979762240052, 0.0005471918444202668, 0.0005386531967375629, 0.0005303391542823609, 0.0005223294747668347, 0.0005144246328675473, 0.0005065141614319222, 0.0004991424266745073, 0.0004922236109571014, 0.0004857837005570491, 0.00047970441558734445, 0.00047399526169371244, 0.00046860183590477993, 0.0004642720295827829, 0.00046013996648386113, 0.0004563301604066762, 0.000454062710614497, 0.00045164677111213264, 0.00044680338450776846, 0.0004439260503816851, 0.0004422501626564225, 0.0004414531641001722, 0.0004412383470021624, 0.0004414530974662711, 0.000442900901432081, 0.0004443499110552273, 0.00044629292932994654, 0.00044874332116008977]
[0.01648143665866541, 0.014417425551922308, 0.014561911811106405, 0.014822011918461678, 0.01508577365829523, 0.015349644283736625, 0.015612469709019916, 0.015874899702984332, 0.016135779855475818, 0.016395732366420862, 0.016702172338173633, 0.016914565589907848, 0.017170528008484003, 0.017425676775523504, 0.017679416803563868, 0.01793136818596079, 0.018181724937812255, 0.018430565777492348, 0.01868854285985483, 0.018924408977646648, 0.019674285668191738, 0.019405950535142463, 0.019641104308692654, 0.019876679693322925, 0.020110834635579455, 0.0203434877729471, 0.020574322871554043, 0.020804972336395403, 0.021030899972936126, 0.021255627790864363, 0.021477609130958943, 0.02169832638268884, 0.021916757316675996, 0.022131353565026178, 0.02234299533854158, 0.022552011479837566, 0.022759229833641377, 0.022963196014876567, 0.023165152756773465, 0.023363363739038457, 0.023558118583277218, 0.02375056943833104, 0.023938989272313752, 0.024139683520397897, 0.024308415606009694, 0.0244874180462391, 0.024663775020362728, 0.024836736357737026, 0.025005890433227557, 0.0251718478569977, 0.02533384069493113, 0.025492867006825546, 0.02564821593115058, 0.02579972220082432, 0.025947595313622063, 0.026092136940930943, 0.02623391869154252, 0.02636948949200609, 0.026502358460447233, 0.026631244008604033, 0.02675622867741967, 0.026878386597709147, 0.026994675707847072, 0.027109007569818953, 0.027217114112629594, 0.027322018511784122, 0.027422555283364007, 0.027519365395506253, 0.027611833939913618, 0.027700018060591514, 0.027784054189087953, 0.027863871662744472, 0.02793951530059619, 0.028010566972228083, 0.028077639717315087, 0.028140103734031457, 0.02819860874431199, 0.02825298888703108, 0.02830210943307355, 0.028347396904055366, 0.0283882097778016, 0.028424644272616373, 0.02845667087166837, 0.02848415760923194, 0.02850737333009098, 0.028526154723374844, 0.028540452934631907, 0.02855036353459985, 0.028555830352857442, 0.02855688716042512, 0.028553492693684446, 0.0285456875118825, 0.028533478682161214, 0.028516841264694687, 0.02849579664503576, 0.028470379015774906, 0.028440505476211447, 0.02840635753141691, 0.028367812209757846, 0.028325060774978216, 0.028277720457316982, 0.028226185741934955, 0.028170394052386895, 0.02811031955182112, 0.028045872492783466, 0.027977167880568796, 0.02790390558594124, 0.027826701865217733, 0.02774556160274031, 0.029687020116040592, 0.02757647802807341, 0.02746190365076607, 0.02735711841563043, 0.02725170919353361, 0.027144390937679314, 0.027034582126718276, 0.02692284073156869, 0.026807683304480922, 0.026686819088979664, 0.026563249724895807, 0.026435482571600315, 0.02630395950031391, 0.0261694801502701, 0.026030931709976102, 0.025888726372919005, 0.02574267582044306, 0.0255932326763122, 0.025440076028143174, 0.02528343250580733, 0.025123361257223285, 0.02495938801921116, 0.024791833790786165, 0.024621816957536676, 0.02444828216333959, 0.024283467471261342, 0.02408938243221356, 0.02390554449468338, 0.023719735705323125, 0.02353119463967492, 0.023339293187306768, 0.023144778612852846, 0.022947600366644, 0.02274805010007334, 0.022545474680507976, 0.02233988762328508, 0.022132944446801164, 0.021922819491532568, 0.021711717731092303, 0.021496018183462702, 0.021278593619714164, 0.02105984315997087, 0.020839284379927134, 0.020618796742193232, 0.02039046823684355, 0.02016538988086843, 0.019935563818023395, 0.01970492541476565, 0.01947286607013914, 0.019238643092311273, 0.01900536763010215, 0.018777265491208853, 0.018530111526126113, 0.01829174310084911, 0.018050131709572665, 0.017808937450469495, 0.017566904144053146, 0.017324699861528275, 0.017079925721581287, 0.01683247699164665, 0.01658621353001794, 0.01634925221182351, 0.016090508688500788, 0.015976051132532507, 0.015597880751088792, 0.015348524756835196, 0.015099194305394577, 0.014850054812728405, 0.014601246721146403, 0.01435326682098406, 0.014102197320159453, 0.013851960831342562, 0.013602798641159647]
[0.0006928063610486852, 0.0014434573093533535, 0.0006477434969522688, 0.0006550628746060972, 0.0006600957906036436, 0.0006823408574847587, 0.0007174041997349978, 0.0007473373055370208, 0.0007935853012598344, 0.0008458874179648603, 0.0011815795190132739, 0.0009667074246248539, 0.0010428613692670316, 0.0011218793155411992, 0.0012065331567885581, 0.001298141638082578, 0.0013949414822747267, 0.0014991300528819297, 0.0016488954145525772, 0.0017154855871196935, 0.004673212078922508, 0.0020607365644292404, 0.0021760236660852052, 0.002306594422255157, 0.0024351598991266643, 0.0025720787201099276, 0.002714539602441713, 0.002868858673651122, 0.003004486134134048, 0.003156402037880324, 0.003312920664121612, 0.0034749924761608817, 0.003635469497142543, 0.0037959623355421266, 0.0039598283849617555, 0.004129113678141906, 0.004302141979895872, 0.004475377667129372, 0.004648933868126036, 0.0048239427843153335, 0.005004764433234458, 0.005183697770952587, 0.005364626957562387, 0.005627814790137291, 0.005720791876887938, 0.005905188907439313, 0.006095279376045992, 0.006281774271738528, 0.006468976193300121, 0.006655938044970771, 0.006842253481198613, 0.007032421141055385, 0.007219440461128877, 0.007405288481605687, 0.007590988870279603, 0.00777905297446151, 0.00796246948706775, 0.008138030227472766, 0.008320455941658204, 0.008499770794460954, 0.008678016952943873, 0.008862783345993686, 0.009025989582524653, 0.009208678057599307, 0.009365348518929903, 0.009532803011004056, 0.00969559190609401, 0.009862120029431692, 0.010021200196042345, 0.010176715489913621, 0.010330302056170823, 0.010480233729736547, 0.010627098462857757, 0.010769303621983431, 0.0109078327113496, 0.011040794775577486, 0.011174706599676629, 0.01130207307494955, 0.011420173397205594, 0.011538887577734984, 0.011652308583717802, 0.011761357961933158, 0.01186562828698483, 0.011964688910191985, 0.01206012894530935, 0.012149729436524804, 0.012234136121329686, 0.01231378857086893, 0.012388073800234206, 0.012457227770691217, 0.012520976951240154, 0.012579503401031812, 0.012632722513488358, 0.012680361909087143, 0.012722466969537905, 0.012759333386723533, 0.012789834231310004, 0.012816264986563762, 0.012836332097064806, 0.012851646875546177, 0.012859132976526189, 0.012862530570137394, 0.012860473645326527, 0.012853798734365795, 0.012838353744603572, 0.012818719893169243, 0.012792670202020892, 0.012769527597938335, 0.012734911512745778, 0.01602224292289506, 0.013109470338173487, 0.013004541998373425, 0.012935555385441149, 0.01286023562857378, 0.01278270404057635, 0.01270252843922367, 0.012625608835436205, 0.01238198917229783, 0.012428069169183422, 0.012329734265914211, 0.012220442792925838, 0.012119257622759541, 0.012010877995172498, 0.011894161065353038, 0.011772720353821814, 0.011645663854958669, 0.011517944335507686, 0.011384056454614488, 0.011247003917393826, 0.01110656539243127, 0.010945499930541292, 0.01082109102265522, 0.010672568377690926, 0.010516913625670248, 0.010341744534070507, 0.010235922357976041, 0.010062856233211062, 0.009906023584746872, 0.009740380509600074, 0.009563164482727761, 0.009387873514176704, 0.009211497589781103, 0.009034166844606435, 0.008853067316450287, 0.008669192316438628, 0.008491695839657771, 0.008292864885733643, 0.008124700553826058, 0.007940290915963317, 0.007748763810084426, 0.0075681129592082555, 0.007381158391444599, 0.007192451050721961, 0.006989975907944242, 0.00680926690731596, 0.00661976042665595, 0.006428331441611493, 0.006233021255637592, 0.006054361134633806, 0.005882020085596759, 0.005709345798328197, 0.005476916353410235, 0.00529908924988112, 0.005123256717953931, 0.004933307245884322, 0.004755004544424242, 0.004572934039115691, 0.0043941835463239725, 0.0042304370684701845, 0.004055414563837319, 0.003910464132945619, 0.0037234469531207378, 0.003947767482597461, 0.0033496352451808232, 0.0031905243799886266, 0.0030325039421796995, 0.002883305035751548, 0.0027308469672037605, 0.002586612938058166, 0.002444006031277572, 0.002293661914496347, 0.002154567100469223]
[0.12922130029652246, 0.10538102140882691, 0.10545205113750014, 0.10721653231886506, 0.10899153275926605, 0.11075541846711814, 0.11250966034629098, 0.11427824994996226, 0.11603439559401749, 0.11778654029822964, 0.12003067136683056, 0.12127988989306714, 0.12300936011102864, 0.12475360786381387, 0.1264828961077135, 0.12820061722704723, 0.1299163487317289, 0.1316253798039737, 0.13345115674463545, 0.13501579682608775, 0.14211885383519343, 0.13840745814189417, 0.14004999961572545, 0.14171608647453346, 0.14335755118047358, 0.14498865287786225, 0.14660892694422112, 0.14823280466556218, 0.1498198972916984, 0.15140191158250965, 0.15296897558889377, 0.15453151779036198, 0.15608691762563556, 0.1576240261546129, 0.15911539562265367, 0.16060456502946316, 0.1620980402427335, 0.1635641973288669, 0.16503068339266408, 0.1664559828715079, 0.16786093894214374, 0.16926052745505468, 0.17063133278302495, 0.17210551121074125, 0.1733281621844681, 0.1746441877555855, 0.1759522903218328, 0.17723313104843746, 0.17848753031665826, 0.17972910498022773, 0.1809389255381824, 0.18213933363722906, 0.18331193538198007, 0.18445797563965488, 0.18558205864443825, 0.1866872046168176, 0.18777796618146086, 0.18880959629445038, 0.1898370285311762, 0.19083722457969785, 0.1918125809959283, 0.19277522640358136, 0.19368186097816528, 0.1945985316836915, 0.1954474033056767, 0.19628826019383996, 0.19709865089559225, 0.19788867899687534, 0.19864554623037647, 0.19937280521585993, 0.2000723898478674, 0.20074282220799516, 0.2013847148683837, 0.20198887398993404, 0.2025735133119677, 0.20312062145521112, 0.20364351228343458, 0.2041371745025278, 0.20458384873279, 0.2050108030108297, 0.20540443691016383, 0.20576660204083522, 0.20609663803066547, 0.20639264505414487, 0.20665995919511906, 0.20689324595428807, 0.2070931121794743, 0.2072611350563108, 0.20739594871655398, 0.20749812316299615, 0.20756677057103615, 0.20760266054009277, 0.20760561763606372, 0.20757499049668066, 0.20751117481441766, 0.2074144767029912, 0.2072833913406371, 0.20712097614021238, 0.20692437495205257, 0.20669687836211872, 0.20643126166356407, 0.20613541969035784, 0.2058071736390279, 0.2054453875100346, 0.20504949263702027, 0.20462068511421233, 0.20415430902811926, 0.20366681248752924, 0.2031484044630591, 0.2234017196171064, 0.20236608651762672, 0.20167490930424342, 0.20101148823047835, 0.20031607294591672, 0.19959215401079, 0.19884018916217125, 0.19807288938441814, 0.19719790455036168, 0.19639682246230125, 0.19552442059799297, 0.1946147554453229, 0.1936836058790786, 0.19273465554147012, 0.1917467738627249, 0.19073219232253877, 0.189686940103839, 0.18862012279531798, 0.18752345476083468, 0.18640180666688008, 0.18525495124500002, 0.1840683241620293, 0.18288442393285181, 0.18166687427662082, 0.18042040497863834, 0.17923977249104253, 0.17787957006115743, 0.17654434169200753, 0.17522276565226752, 0.17386837686243556, 0.17248115916941278, 0.17107648159540026, 0.1696523868865155, 0.16821288495542547, 0.16674661683140313, 0.16525440760280158, 0.16377077279541072, 0.16224331727670965, 0.16074556174265342, 0.15916713784644373, 0.1575915107611554, 0.15601778325178867, 0.15442830763722937, 0.15281443234149666, 0.15115706159930664, 0.1495381491088362, 0.1478894515838158, 0.14621906329856815, 0.14452383628886648, 0.1428532725515469, 0.14117456224519345, 0.1395317512589624, 0.13771982531974042, 0.13600799078409048, 0.13426518555277542, 0.13251785512569103, 0.13077553873507383, 0.12901710249850062, 0.1272684201390064, 0.1254834736481364, 0.12370390525425672, 0.12202010110000393, 0.12014186998919142, 0.11969225061121919, 0.11654940997086508, 0.11475430916034286, 0.11295433293352425, 0.11117164635622674, 0.10937463888625233, 0.10759639007307031, 0.10579331308170567, 0.10398322621073519, 0.10219102667839318]

